-9.6961 6.0031
11.9126 0.2844
-3.9586 0.0571
-3.6131 -1.3299
-1.6446 -3.0697
-9.0433 -8.0838
-2.9757 -1.5796
13.4308 -6.4078
1.9012 0.9898
3.8303 13.9523
3.0094 2.1778
-14.0372 4.3083
-8.3187 -9.0107
2.3697 3.5106
-3.8776 -0.1948
14.6961 3.9808
10.0703 -6.6664
2.0018 -2.9854
-2.6666 -3.6212
-8.9181 -5.1248
-2.6104 -1.9813
-2.0545 1.5455
-0.8889 -0.6104
-0.2708 -2.3421
6.2891 7.8661
10.1613 4.0626
9.4154 -12.3682
1.1089 -3.9950
5.9987 -13.6010
9.8499 8.2545
-12.2202 2.4065
-3.4813 0.4968
-13.2403 8.1238
-1.0037 -1.7027
-2.4000 1.4622
12.1793 -2.0449
3.0401 -1.2044
3.8002 2.4534
3.1612 3.3690
2.5325 3.0672
-3.7438 0.4934
-3.5018 -0.8113
3.8700 2.0477
6.2146 -14.4491
13.4358 7.2966
2.8875 -1.6277
-3.0863 2.5858
-3.6407 1.1624
-5.7057 -10.9312
-8.2259 -5.9147
-8.0964 -10.3752
-2.3397 -0.8531
3.8749 -1.1875
-3.4872 0.5445
-11.1159 9.4047
-9.9785 -2.8565
5.2582 9.8815
1.8531 1.6438
-0.0171 1.1099
-3.2730 -0.7849
-1.3138 1.1661
10.0986 11.9721
-1.8355 -2.5069
7.6995 -6.8362
2.7101 -15.0313
-11.1321 -0.2562
0.0928 -2.8324
-4.0868 -9.6519
-13.8125 2.9464
2.1688 1.1639
11.7986 -5.6903
1.1228 -2.0186
-0.5706 0.8423
0.8767 3.8878
2.7594 -3.4364
10.8010 -2.5772
0.2774 0.1677
-1.9537 -1.0523
-2.7765 1.6153
-3.7347 -1.6082
-3.3797 3.2411
11.7900 -1.4393
0.1564 -10.5582
2.6392 -3.4850
-8.6292 7.6424
2.3700 -9.7278
-2.6202 2.8626
4.4372 -10.9654
-3.2438 0.1748
-5.5540 -13.3016
1.2960 10.6887
-2.5440 -2.5684
1.9012 3.3326
-4.8806 10.4182
-9.9677 -7.7301
10.7782 -2.7516
-1.3792 -1.8572
14.7314 -2.8995
-2.7016 -12.1640
0.2427 3.2298
0.4993 0.8928
-1.4964 1.6302
-2.7472 0.2930
-0.7505 0.4656
2.9082 -14.2871
-0.6749 12.4802
-8.1663 -9.4309
1.0445 -3.7167
1.2046 0.5327
1.7569 0.5186
11.7955 -0.6237
-1.6299 -2.0967
-2.5199 3.3636
-0.8867 0.1948
2.6331 0.3047
-2.4639 10.2285
0.2981 -0.6392
-0.7781 0.5701
10.4709 10.3060
-7.3035 10.0401
3.3565 3.6493
-3.5807 0.0906
-10.5098 10.1849
10.2255 -0.4365
8.5603 -7.1571
2.8228 2.2401
-1.8453 -0.6026
-10.5736 2.7870
-2.4996 3.8058
-8.9398 11.8539
1.2031 13.7469
-2.1875 -13.0250
11.5982 -0.8388
11.8769 5.2037
-9.4296 -11.8803
0.9527 3.0580
0.3726 0.5789
5.9679 9.9295
1.5467 -3.7530
3.2320 -0.5882
-12.8734 8.9382
-14.2127 -5.3920
-10.1149 -10.6450
3.2584 3.1202
-3.3624 2.0591
-1.0743 -1.5892
-0.7471 2.2254
9.9075 -11.7593
1.8834 -2.5274
-1.6826 -14.2546
2.2136 11.4343
-15.2765 4.3763
2.1910 1.6021
2.3204 -1.8191
3.5284 2.1575
-1.8272 3.6078
3.5943 -3.2508
11.2737 -10.5358
0.5303 2.8766
9.7098 -4.5823
-3.5354 14.6766
-10.2445 5.0221
3.8441 2.3741
-12.9012 1.3657
-2.5882 -2.4295
-1.9996 -14.1770
-14.2041 -3.4945
2.8875 -0.2144
-3.2853 2.6324
3.2809 2.9012
5.2752 12.8166
11.9886 -7.2911
2.1761 -2.9434
-0.7891 3.4564
8.8348 11.7216
-1.3954 10.7406
-13.0746 1.2675
13.8306 -3.8261
-12.7485 6.3622
2.1209 11.9603
9.2141 -4.0454
-7.8491 -11.8705
-15.6055 0.6767
0.6294 -2.5946
1.7913 -1.2610
-2.3055 0.9199
2.7269 2.0548
-7.3167 -10.3306
-2.6224 2.4600
-10.5500 -10.1068
-13.2729 -7.2328
-2.5489 2.9334
-12.8760 -4.8088
-4.6634 12.9643
3.5970 3.3712
-10.2494 7.4416
12.7410 7.6121
-2.2982 1.3528
-0.6641 -2.2530
11.2380 10.7721
-1.5804 -1.1631
1.9788 -2.5223
15.0950 4.3196
2.6126 1.2071
0.6387 1.3909
8.1127 10.2111
-2.3148 -1.3860
-3.4925 2.3209
-5.5557 9.7861
11.2676 2.1348
3.4696 -3.0489
3.3780 11.7724
-3.6752 2.2691
1.3379 -2.1805
3.1429 -11.6762
-0.9909 10.8084
5.8335 12.6889
-1.8792 -0.3103
-8.4743 6.0638
-1.3540 3.6156
2.9928 3.4510
-13.0844 7.4456
3.8893 -2.0223
-11.3679 -7.2694
1.2517 -10.1440
0.6870 0.0391
9.8054 12.5181
-3.4593 3.2684
13.7179 3.3344
2.2277 -15.6527
-2.9683 -11.1421
3.5873 3.8517
11.9281 -0.3832
2.0027 0.0808
-8.2816 -6.3139
8.2740 -7.4318
-1.4590 -1.7330
-13.2028 -1.6259
-2.5726 0.0034
9.3995 -6.0986
2.8997 3.4977
-2.4581 0.4566
-11.4248 -3.7841
-9.1884 8.8091
-1.0078 10.8111
2.7396 1.7864
-0.7686 -0.4998
-3.0733 -0.6038
2.5775 -2.7186
0.7061 2.7408
-2.6842 1.4043
-1.5953 2.7254
-3.8895 -1.5125
-0.2568 -12.0907
-10.2783 0.2859
-1.9786 1.2749
-2.2344 -3.6258
-12.5689 -3.6607
-2.1248 -0.2625
-3.5133 -0.1216
-3.2730 3.7814
-6.1330 9.8605
7.3910 -12.6407
3.6729 12.6445
10.0588 9.9347
9.6862 7.0255
1.4114 -2.4630
-10.7398 -3.6007
0.0842 -0.1335
1.9608 -2.9185
1.8812 1.4642
-2.5684 -3.5384
-2.8287 2.0518
-10.2361 3.7092
-5.2092 -15.1251
-10.3248 -1.2052
1.0082 -13.3796
2.4710 -1.5833
-1.5904 3.7223
9.5126 5.1282
-1.6297 -0.9578
-8.7501 -11.9083
-13.3819 0.1771
-9.9093 3.7181
1.5693 -12.5789
-3.9066 3.1173
-3.0155 3.9840
3.5143 -9.9950
1.8655 1.7352
3.4493 -0.5503
1.7466 10.2852
-3.4415 -0.1384
9.6514 5.0441
-2.5504 2.5675
-3.2186 3.7633
2.4366 -0.8252
2.0701 -3.7303
-0.1231 2.0860
2.7957 3.3885
-11.9715 8.6394
0.1051 11.8516
2.2891 3.5506
-2.7510 -11.2871
-11.1419 4.5603
-3.3949 1.1875
9.6123 -12.4971
-0.2864 -1.9827
3.6515 -1.1446
2.4937 11.4931
6.6642 -8.3058
-9.5691 7.0038
-2.5264 1.0738
10.0436 12.3809
2.7987 2.6783
14.3335 -0.4248
2.7249 -12.0991
-12.0863 -1.8379
-9.1830 -6.7320
-10.8575 -5.4837
-12.8758 -6.8603
-12.5521 -5.8312
-11.9404 9.4782
-2.6158 -2.0591
14.4542 5.9047
-2.0684 0.1382
5.7266 -8.4147
0.3347 1.9542
1.1026 1.8099
-8.7161 -5.1791
11.1663 0.6377
15.0098 -3.2033
-5.0088 -14.0002
0.8362 -1.1297
0.5181 -1.0003
0.1690 0.9707
-5.9975 -10.3186
1.9458 -10.7101
-1.4358 -1.3304
-3.6310 -2.2276
-10.7068 1.1708
-0.8611 1.6397
-3.9557 3.6236
-10.5222 -9.1157
5.7557 9.6854
13.2866 8.3268
9.0122 -5.7618
11.5936 -4.2906
-0.9695 -0.9178
-7.4006 10.1327
-0.3867 -3.9996
4.2466 -14.8209
10.0106 4.7595
-7.8304 8.9248
-12.4332 9.5092
2.2293 3.9051
6.1098 10.4910
1.8929 2.5763
3.7030 -2.1983
-1.9737 -0.0476
2.9120 -0.6460
-14.7814 -3.7871
-6.2474 11.4190
11.4821 4.2069
-3.7049 -3.1563
2.4237 -0.1257
-8.8237 -7.1264
-0.2376 11.3942
0.7969 2.1382
6.7212 -10.5407
-0.7820 0.1243
-7.4238 -10.2261
9.9711 -9.2684
-2.5826 1.1917
3.0123 1.1543
-3.1439 11.9022
-2.3922 2.7584
-3.3646 9.7148
-3.6483 -3.2650
-3.2909 0.6446
-0.7029 2.4156
-2.2879 1.8404
-2.5941 2.9156
13.5169 -2.9253
0.4934 -0.4448
3.1705 -1.4463
-15.1629 4.5490
-2.7782 3.5619
10.9279 5.1009
-0.5379 -1.5245
1.4109 3.2225
2.5709 -15.6850
-10.6138 3.0472
-6.7233 12.3788
4.5550 14.4620
-0.4275 -0.1123
-11.7466 -9.1314
0.5783 12.0416
-2.4337 -2.0750
12.7514 -5.1493
11.3779 -5.3349
